53926 20210101  2.622  -97.09   36.12     2.1     0.2     1.2     0.8    23.0     3.51 C     1.0    -0.3     0.3    93.1    70.1    86.2   0.474   0.440   0.458   0.450   0.429     3.9     4.2     5.4     8.3     9.9
53926 20210102  2.622  -97.09   36.12     6.9    -2.5     2.2     1.8     0.0     7.02 C     9.9    -4.7     1.1    94.2    57.3    78.7   0.466   0.443   0.459   0.448   0.432     4.6     4.7     5.5     8.0     9.6
53926 20210103  2.622  -97.09   36.12     9.1    -3.7     2.7     1.3     0.0    10.56 C    12.9    -6.2    -0.2    94.2    56.4    83.5   0.436   0.440   0.460   0.449   0.429     4.2     4.7     5.5     7.8     9.4
53926 20210104  2.622  -97.09   36.12    14.7    -3.2     5.7     4.3     0.0    11.13 C    16.8    -6.0     2.0    94.0    46.2    76.4   0.423   0.428   0.461   0.450   0.430     4.6     5.0     5.6     7.6     9.2
53926 20210105  2.622  -97.09   36.12    16.2    -3.6     6.3     6.2     0.0     9.99 C    17.9    -6.5     3.9    94.0    22.0    59.5   0.412   0.417   0.463   0.453   0.431     4.8     5.2     5.7     7.6     9.1
53926 20210106  2.622  -97.09   36.12     9.6     4.8     7.2     7.5     0.3     1.03 C    11.4     4.3     7.1    92.1    45.8    66.7   0.395   0.412   0.459   0.450   0.431     6.2     6.1     6.2     7.6     9.1
53926 20210107  2.622  -97.09   36.12     5.0     3.2     4.1     4.2     1.8     1.49 C     6.3     2.7     4.3    92.9    79.8    88.3   0.384   0.415   0.450   0.449   0.431     6.5     6.4     6.6     7.8     9.1
53926 20210108  2.622  -97.09   36.12     3.3    -4.8    -0.7     0.7     0.0     4.69 C    10.5    -7.9     0.3    92.4    62.7    77.1   0.377   0.410   0.423   0.454   0.431     5.9     6.1     6.5     8.0     9.1
53926 20210109  2.622  -97.09   36.12     6.9    -6.6     0.1    -0.7     0.0     9.44 C    12.9    -9.1    -1.4    92.7    49.9    78.9   0.367   0.403   0.403   0.454   0.433     4.4     4.9     5.8     7.8     9.1
53926 20210110  2.622  -97.09   36.12     4.7    -3.6     0.5     0.2     0.0     5.23 C     9.1    -7.1     0.4    90.4    58.2    78.3   0.362   0.399   0.394   0.453   0.432     4.7     5.0     5.6     7.6     9.0
53926 20210111  2.622  -97.09   36.12     8.4    -6.8     0.8    -0.2     0.0    11.40 C    15.2    -9.6    -1.7    91.8    38.3    73.3   0.352   0.392   0.388   0.449   0.430     3.9     4.5     5.3     7.4     8.9
53926 20210112  2.622  -97.09   36.12    12.8    -3.9     4.4     3.9     0.0    12.00 C    18.1    -8.0     1.0    88.5    29.2    62.8   0.348   0.384   0.386   0.447   0.430     3.9     4.4     5.1     7.2     8.8
53926 20210113  2.622  -97.09   36.12    16.1    -4.8     5.6     5.3     0.0    11.28 C    20.5    -8.3     3.0    92.6    25.6    63.2   0.344   0.385   0.385   0.447   0.430 -9999.0     4.7     5.1     7.1     8.6
53926 20210114  2.622  -97.09   36.12    12.3     1.3     6.8     7.7     0.0    11.65 C    16.3    -2.9     5.5    82.3    18.0    43.4 -99.000   0.382   0.385   0.445   0.429     5.4     5.4     5.6     7.1     8.5
53926 20210115  2.622  -97.09   36.12     6.7    -0.5     3.1     3.6     0.0     6.52 C    11.8    -5.8     1.5    62.5    27.4    40.3   0.334   0.382   0.384   0.444   0.427     4.9     5.0     5.6     7.2     8.6
53926 20210116  2.622  -97.09   36.12    10.4    -3.3     3.5     3.1     0.0    10.48 C    17.8    -8.1     1.7    74.4    21.4    49.9   0.327   0.380   0.381   0.442   0.427     4.6     4.7     5.3     7.2     8.5
53926 20210117  2.622  -97.09   36.12    12.3    -4.2     4.0     4.4     0.0    12.41 C    17.1    -8.1     1.4    79.1    23.5    50.7   0.324   0.376   0.381   0.440   0.429     4.8     4.9     5.4     7.1     8.4
53926 20210118  2.622  -97.09   36.12    15.6    -4.9     5.3     5.2     0.0     6.31 C    22.3    -8.0     4.3    84.3    26.5    57.2   0.320   0.375   0.380   0.440   0.429     5.0     4.9     5.3     7.0     8.4
53926 20210119  2.622  -97.09   36.12     8.8    -3.8     2.5     3.1     0.0     6.84 C    15.4    -7.1     2.1    82.7    37.4    62.9   0.317   0.374   0.380   0.439   0.429     5.5     5.5     5.7     7.1     8.4
53926 20210120  2.622  -97.09   36.12     7.6    -4.8     1.4     2.0     0.2     2.08 C     9.2    -7.8     0.4    88.5    36.9    72.0   0.312   0.372   0.379   0.442   0.431     4.6     4.8     5.4     7.1     8.4
53926 20210121  2.622  -97.09   36.12    10.3    -0.7     4.8     4.1     0.0     6.47 C    17.7    -3.3     4.0    94.7    68.8    86.7   0.310   0.373   0.379   0.440   0.430     5.2     5.3     5.5     7.1     8.3
53926 20210122  2.622  -97.09   36.12    11.2     1.2     6.2     5.5     0.0    12.69 C    17.0    -3.9     4.5    93.3    27.8    53.2   0.310   0.372   0.380   0.442   0.430     5.7     5.7     5.8     7.1     8.3
53926 20210123  2.622  -97.09   36.12     9.6     0.7     5.1     6.0     0.0     5.07 C    13.3    -3.4     6.6    85.3    49.1    61.8   0.308   0.371   0.379   0.441   0.430     5.9     5.8     5.9     7.2     8.3
53926 20210124  2.622  -97.09   36.12    10.6     6.6     8.6     8.5     8.0     2.53 C    13.5     6.5     9.0    94.1    71.6    88.0   0.312   0.378   0.383   0.441   0.431     7.3     6.8     6.5     7.3     8.4
53926 20210125  2.622  -97.09   36.12     8.0     0.6     4.3     5.7    12.1     2.94 C    11.7    -1.2     6.1    95.1    71.8    86.6   0.446   0.440   0.449 -99.000   0.427 -9999.0     7.1     7.0     7.6     8.4
53926 20210126  2.622  -97.09   36.12     1.1    -1.5    -0.2    -0.3     0.0     3.03 C     4.9    -3.4     0.0    79.6    70.4    74.4   0.412   0.423   0.454   0.450   0.432     6.0     6.1     6.6     7.8     8.6
53926 20210127  2.622  -97.09   36.12     2.2    -4.8    -1.3    -1.3     0.0     9.75 C    12.0    -8.8    -1.0    80.7    52.5    70.4   0.379   0.407   0.445   0.449   0.432     5.2     5.3     5.9     7.6     8.6
53926 20210128  2.622  -97.09   36.12     7.0    -7.9    -0.5    -0.2     0.0    11.94 C    16.1   -10.5    -0.4    90.0    46.4    70.1   0.369   0.404   0.418   0.449   0.430     4.1     4.4     5.1     7.3     8.5
53926 20210129  2.622  -97.09   36.12    14.6     0.7     7.6     7.4     0.0    10.02 C    18.3    -2.2     6.7    80.7    39.0    61.1   0.367   0.404   0.400   0.449   0.430     5.2     5.0     5.3     7.0     8.4
53926 20210130  2.622  -97.09   36.12    17.4     4.6    11.0    11.0    13.1     8.64 C    17.5     4.2    10.2    92.5    39.6    71.5   0.431   0.428   0.435   0.450   0.431     7.5     7.0     6.5     7.1     8.2
53926 20210131  2.622  -97.09   36.12     7.4    -2.3     2.5     3.1     0.0    11.44 C    13.5    -5.5     3.1    88.2    58.1    72.3   0.414   0.432   0.455   0.453   0.429     6.9     6.6     6.8     7.5     8.3
53926 20210201  2.622  -97.09   36.12    12.0    -4.5     3.8     3.0     0.0    13.82 C    18.8    -7.3     1.8    92.9    33.6    71.2   0.381   0.415   0.453   0.450   0.432     5.6     5.6     6.0     7.5     8.4
53926 20210202  2.622  -97.09   36.12    16.8     2.2     9.5     8.4     0.0    14.17 C    22.2    -1.8     6.6    74.0    25.8    49.6   0.374   0.414   0.437   0.450   0.431 -9999.0     6.1     6.0     7.3 -9999.0
53926 20210203  2.622  -97.09   36.12    17.2     1.8     9.5    10.0     0.0    12.52 C    23.0    -3.0     8.3    71.5    35.7    55.5   0.368   0.404   0.416   0.451   0.432     6.9     6.5     6.3     7.4     8.4
53926 20210204  2.622  -97.09   36.12    16.5    -3.0     6.7     7.9     0.0    12.33 C    15.0    -6.9     6.6    79.7    31.2    56.5   0.363   0.403   0.405   0.451   0.433     7.8     7.3     7.0     7.6     8.4
53926 20210205  2.622  -97.09   36.12    13.6    -3.2     5.2     4.7     0.0    13.43 C    22.3    -7.1     3.6    85.0    23.1    55.7   0.352   0.392   0.396   0.453   0.432     6.4     6.2     6.3     7.7     8.5
53926 20210206  2.622  -97.09   36.12     7.9    -3.2     2.3     3.3     0.3     3.52 C    16.6    -2.7     3.3    86.4    43.3    64.5   0.346   0.388   0.393   0.450   0.432     6.5     6.3     6.4     7.6     8.5
53926 20210207  2.622  -97.09   36.12     0.8    -3.3    -1.3    -1.8     0.0     3.03 C     7.1    -2.8     0.2    90.8    68.2    77.4   0.340   0.384   0.391   0.450   0.432     5.4     5.5     6.0     7.6     8.5
53926 20210208  2.622  -97.09   36.12     0.2    -8.1    -3.9    -4.8     1.0     1.57 C     0.8    -7.3    -3.6    92.4    85.4    89.9   0.335   0.381   0.388   0.448   0.432     4.4     4.8     5.6     7.3     8.5
53926 20210209  2.622  -97.09   36.12    -6.3    -9.1    -7.7    -7.7     0.0     2.56 C    -4.1    -8.2    -6.5    89.0    81.4    84.3   0.329   0.378   0.385   0.443   0.431     2.8     3.5     4.6     6.9     8.3
53926 20210210  2.622  -97.09   36.12    -6.3    -8.4    -7.4    -7.2     0.0     2.01 C    -4.3    -7.9    -6.3    89.5    80.2    84.1   0.323   0.376   0.383   0.440   0.429     2.2     2.8     4.0     6.4     8.1
53926 20210211  2.622  -97.09   36.12    -6.5    -9.0    -7.7    -7.8     0.0     3.16 C    -4.0    -8.5    -6.9    83.5    75.9    80.0   0.317   0.373   0.382   0.440   0.430     1.5     2.2     3.5     5.9     7.8
53926 20210212  2.622  -97.09   36.12    -8.1   -11.1    -9.6   -10.0     0.0     4.23 C    -6.3   -10.9    -9.0    80.2    70.3    75.9   0.311   0.371   0.380   0.438   0.430     1.2     1.8     3.1     5.6     7.5
53926 20210213  2.622  -97.09   36.12    -7.3   -14.0   -10.7   -11.1     0.0    11.19 C     0.2   -14.6    -9.5    74.6    56.9    67.0   0.304   0.370   0.378   0.438   0.430     0.9     1.4     2.6     5.2     7.2
53926 20210214  2.622  -97.09   36.12   -11.8   -17.5   -14.6   -14.6     7.5     5.37 C   -10.2   -17.8   -13.8    77.9    62.0    70.4 -99.000   0.384   0.378   0.437   0.430     0.5     1.1     2.3     4.8     6.9
53926 20210215  2.622  -97.09   36.12   -15.9   -22.9   -19.4   -19.0     0.0    15.50 C   -11.3   -28.7   -19.5    75.6    61.9    66.8 -99.000   0.391   0.376   0.436   0.429     0.4     0.7     1.9     4.5     6.7
53926 20210216  2.622  -97.09   36.12   -10.6   -26.1   -18.3   -17.1     7.7    11.67 C    -6.5   -30.9   -17.9    82.5    53.5    70.4   0.288   0.390   0.376   0.436   0.429     0.5     0.7     1.8     4.2     6.4
53926 20210217  2.622  -97.09   36.12    -6.0   -13.7    -9.8    -9.6     1.5    12.31 C    -2.3   -17.3   -10.4    82.3    64.9    75.6   0.290   0.390   0.376   0.435   0.427     0.6     0.9     1.8     4.1     6.2
53926 20210218  2.622  -97.09   36.12    -4.3   -20.2   -12.2   -11.3     0.0    17.14 C    -3.5   -25.2   -15.4    88.2    58.6    75.5   0.292   0.373   0.375   0.437   0.427     0.8     1.1     1.9     4.1     6.1
53926 20210219  2.622  -97.09   36.12     2.6   -20.7    -9.0    -7.9     0.0    16.67 C    -0.1   -24.4   -12.2    86.2    45.0    68.6   0.300   0.363   0.376   0.437   0.428     1.3     1.4     2.1     4.1     6.0
53926 20210220  2.622  -97.09   36.12     7.8   -12.4    -2.3    -1.1     0.0    17.17 C     0.5   -16.6    -6.1    88.7    48.8    69.3   0.334   0.384   0.399   0.438   0.429     1.7     1.7     2.4     4.1     6.0
53926 20210221  2.622  -97.09   36.12    13.1    -2.4     5.4     6.2     0.0    14.38 C     7.5    -6.7     0.4    89.5    47.5    67.5   0.435   0.431   0.453   0.442   0.428     1.8     2.1     2.5     4.2     5.9
53926 20210222  2.622  -97.09   36.12    18.5    -4.0     7.3     6.3     0.0    17.69 C    20.7    -8.4     2.6    91.8    23.2    60.0   0.433   0.432   0.454   0.443   0.428     2.2     2.6     2.9     4.2     5.8
53926 20210223  2.622  -97.09   36.12    23.7    -3.5    10.1    10.4     0.0    17.48 C    31.5    -6.3     8.9    89.2    17.5    53.5   0.414   0.428   0.456   0.443   0.428     3.6     3.6     3.5     4.3     5.8
53926 20210224  2.622  -97.09   36.12    17.0     2.1     9.5     9.7     0.0    18.08 C    21.7    -4.5     8.3    74.3    27.4    47.4   0.390   0.416   0.458   0.444   0.428     5.6     5.0     4.5     4.7     5.9
53926 20210225  2.622  -97.09   36.12    13.4    -3.0     5.2     5.6     0.0    14.41 C    23.1    -7.2     6.1    87.4    22.0    54.3   0.370   0.407   0.448   0.448   0.430     5.3     4.8     4.7     5.2     6.1
53926 20210226  2.622  -97.09   36.12    13.0     2.0     7.5     7.2     0.0     9.16 C    22.9    -1.6     7.7    89.6    44.7    68.6   0.365   0.405   0.430   0.447   0.429     6.2     5.5     5.0     5.5     6.3
53926 20210227  2.622  -97.09   36.12    16.7     3.6    10.2    10.7     0.0     7.02 C    23.3    -0.3    11.2    98.2    49.7    83.5   0.360   0.405   0.409   0.447   0.428     7.0     6.2     5.6     5.8     6.5
53926 20210228  2.622  -97.09   36.12    16.0     3.3     9.7    10.5     0.3    11.46 C    19.9     0.2    10.0    93.3    32.6    59.1   0.357   0.407   0.400   0.448   0.429 -9999.0 -9999.0     6.4 -9999.0     6.7
53926 20210301  2.622  -97.09   36.12    13.9    -2.9     5.5     5.1     0.0    18.74 C    25.8    -6.2     5.5    89.5    23.6    60.3   0.345   0.397   0.394   0.448   0.431     7.2     6.6     6.3     6.6     7.0
53926 20210302  2.622  -97.09   36.12    18.1    -4.2     7.0     7.7     0.0    19.28 C    29.5    -7.3     6.7    91.1    13.4    48.3   0.336   0.388   0.391   0.446   0.431 -9999.0     6.3     6.0     6.8     7.2
53926 20210303  2.622  -97.09   36.12    22.2     1.6    11.9    12.1     0.0    19.60 C    33.7    -5.1     9.9    66.5    13.6    36.6   0.331   0.391   0.390   0.446   0.431     7.7     6.8     6.2     6.8     7.3
53926 20210304  2.622  -97.09   36.12    22.8     5.1    14.0    14.8     0.0    14.38 C    33.6    -0.6    13.4    68.2    27.4    44.3   0.326   0.393   0.389   0.447   0.431 -9999.0 -9999.0     6.7 -9999.0 -9999.0
53926 20210305  2.622  -97.09   36.12    15.2     2.8     9.0    10.6     5.9     6.83 C    17.1    -0.9     8.8    92.1    50.2    75.1 -99.000 -99.000   0.397   0.446   0.432 -9999.0     8.4     7.5     7.4     7.6
53926 20210306  2.622  -97.09   36.12    18.8    -1.2     8.8     9.1     0.0    18.96 C    30.2    -3.9     8.8    96.0    28.7    63.2   0.367   0.409   0.395   0.449   0.434     8.6     7.9     7.3     7.6     7.8
53926 20210307  2.622  -97.09   36.12    20.3     3.5    11.9    12.5     0.0    20.08 C    28.9    -3.0    11.1    63.6    17.6    37.9   0.359   0.401   0.393   0.449   0.435     9.1     8.2     7.5     7.8     8.0
53926 20210308  2.622  -97.09   36.12    22.1     4.7    13.4    14.2     0.0    17.49 C    30.1    -1.9    13.3    62.1    27.6    39.2   0.349   0.412   0.392   0.449   0.435     9.6     8.6     7.8     8.0     8.2
53926 20210309  2.622  -97.09   36.12    24.4    12.5    18.5    17.7     0.0    15.23 C    32.7     8.7    17.6    69.7    34.1    52.9   0.342   0.402   0.392   0.449   0.435    11.1     9.8     8.5     8.2     8.3
53926 20210310  2.622  -97.09   36.12    27.4    17.2    22.3    20.8     0.0    16.78 C    34.1    15.5    21.4    69.5    30.6    57.5 -99.000 -99.000   0.393 -99.000   0.433    13.0    11.4     9.6     8.7     8.6
53926 20210311  2.622  -97.09   36.12    19.6     7.5    13.6    11.8     1.1     3.96 C    17.9     7.7    11.7    88.8    66.0    78.1 -99.000   0.392   0.394   0.453   0.437 -9999.0    11.5    10.3     9.4     8.9
53926 20210312  2.622  -97.09   36.12    20.6    10.1    15.3    12.8     2.1     3.84 C    26.1     9.5    13.6    92.1    68.0    83.4   0.329   0.390   0.394   0.454   0.436    12.0    11.1    10.1     9.6     9.3
53926 20210313  2.622  -97.09   36.12    19.5    10.3    14.9    14.9     0.5     3.40 C    19.8    10.5    14.7    95.1    71.8    85.9   0.341   0.398   0.395   0.454   0.435    12.1    11.3    10.3     9.8     9.5
53926 20210314  2.622  -97.09   36.12    20.7    10.5    15.6    16.2     4.3    16.61 C    30.3     4.9    15.9    89.6    16.4    55.5   0.371   0.413   0.406   0.453   0.435 -9999.0 -9999.0 -9999.0    10.2 -9999.0
53926 20210315  2.622  -97.09   36.12    19.1     5.6    12.4    12.7     0.0    18.76 C    29.5     1.5    12.7    85.1    35.3    55.4 -99.000 -99.000   0.400 -99.000 -99.000 -9999.0    11.6    10.7 -9999.0 -9999.0
53926 20210316  2.622  -97.09   36.12    27.1     3.4    15.2    15.8     0.0    14.78 C    36.3     0.3    15.7    91.3    26.8    61.6 -99.000   0.402   0.399   0.454   0.438 -9999.0 -9999.0 -9999.0    10.5 -9999.0
53926 20210317  2.622  -97.09   36.12    18.9     3.2    11.0     9.3    15.4     2.15 C    17.7     3.2     9.3    90.4    78.3    86.9   0.439   0.446   0.461   0.459   0.440 -9999.0    11.7    11.0 -9999.0    10.3
53926 20210318  2.622  -97.09   36.12     8.9     3.4     6.1     5.6     0.0     9.56 C    13.1    -0.4     5.4    83.4    56.5    70.3   0.422   0.435   0.473   0.460   0.440 -9999.0     9.6     9.9 -9999.0    10.4
53926 20210319  2.622  -97.09   36.12    16.4     1.0     8.7     8.6     0.0    21.61 C    29.8    -2.4     9.1    90.6    34.5    61.4   0.389   0.428   0.452   0.461   0.440    10.0     9.4     9.2    10.2    10.4
53926 20210320  2.622  -97.09   36.12    19.6    -1.7     8.9     9.7     0.0    21.75 C    34.4    -4.6    10.4    93.6    22.6    57.0 -99.000   0.419   0.412   0.459   0.439 -9999.0 -9999.0     9.1 -9999.0 -9999.0
53926 20210321  2.622  -97.09   36.12    20.7     8.2    14.5    14.2     0.0    19.27 C    30.2     4.3    14.5    68.3    32.4    49.3   0.358   0.405   0.404   0.460   0.440 -9999.0    10.3     9.5    10.0    10.2
53926 20210322  2.622  -97.09   36.12    13.8    10.8    12.3    12.6    25.6     1.75 C    14.8     9.1    11.7    90.2    56.6    77.5   0.417   0.425   0.431   0.458   0.440 -9999.0    10.8    10.1 -9999.0    10.2
53926 20210323  2.622  -97.09   36.12    14.1     7.7    10.9    10.4     8.7     6.78 C    18.0     2.9     9.4    90.0    55.1    72.3 -99.000   0.452   0.466   0.461   0.441 -9999.0    10.6    10.3    10.3    10.3
53926 20210324  2.622  -97.09   36.12    15.1     4.9    10.0    10.3     0.2    12.11 C    31.6     0.2    10.8    83.1    50.4    67.1 -99.000 -99.000   0.468 -99.000   0.440 -9999.0    10.3     9.9    10.3    10.4
53926 20210325  2.622  -97.09   36.12    16.0     4.1    10.0     9.8     0.0    11.12 C    28.3     0.5    10.3    90.3    43.7    73.6   0.395   0.435   0.467   0.461   0.440    11.3    10.5    10.0    10.3    10.4
53926 20210326  2.622  -97.09   36.12    25.4     4.2    14.8    15.4     0.0    21.80 C    35.6     0.4    15.6    90.8    23.0    54.8   0.381   0.420   0.441   0.462   0.438    11.7    10.6     9.9    10.3    10.4
53926 20210327  2.622  -97.09   36.12    23.0     7.0    15.0    15.4     0.0    19.44 C    33.8     1.7    15.4    85.9    32.4    56.3   0.363   0.409   0.416   0.462   0.439    12.8    11.7    10.7    10.5    10.5
53926 20210328  2.622  -97.09   36.12    20.0     2.9    11.5    11.7     0.0    23.45 C    35.1    -1.2    12.7    90.7    19.8    50.2   0.347   0.397   0.406   0.461   0.439    12.2    11.3    10.6    10.8    10.6
53926 20210329  2.622  -97.09   36.12    26.1     9.1    17.6    17.9     0.0    23.53 C    33.6     4.5    17.7    53.9    17.5    33.1   0.336   0.393   0.403   0.458   0.440    12.8    11.7    10.7    10.8    10.7
53926 20210330  2.622  -97.09   36.12    18.5     7.5    13.0    14.4     0.0    21.22 C    29.7     2.6    15.2    56.9    18.0    34.1   0.324   0.389   0.400   0.460   0.439    13.2    12.0    11.2    11.0    10.9
53926 20210331  2.622  -97.09   36.12    17.4     4.1    10.7    11.1     0.0    23.89 C    32.6    -1.4    12.6    65.0    13.9    29.3   0.311   0.384   0.398   0.460   0.440    12.5    11.4    10.8    11.1    11.0
53926 20210401  2.622  -97.09   36.12    18.5    -1.0     8.7     9.4     0.0    23.73 C    35.0    -4.2    11.1    87.7    16.1    43.7   0.299   0.379   0.396   0.455   0.441    11.7    10.8    10.4    11.0    11.0
53926 20210402  2.622  -97.09   36.12    22.0     4.3    13.2    13.8     0.0    22.35 C    35.3    -1.3    14.1    48.5    15.7    30.4   0.288   0.376   0.395   0.450   0.442    12.0    11.0    10.4    10.9    11.1
53926 20210403  2.622  -97.09   36.12    25.6     9.4    17.5    17.4     0.0    23.07 C    37.4     4.3    18.4    59.9    25.5    39.5   0.277   0.375   0.394   0.450   0.442    13.4    12.0    10.9    11.0    11.1
53926 20210404  2.622  -97.09   36.12    25.3    10.9    18.1    18.1     0.0    21.28 C    40.3     6.6    19.3    85.7    39.4    61.1   0.265   0.369   0.395   0.452   0.441    14.5    13.0    11.7    11.3    11.1
53926 20210405  2.622  -97.09   36.12    27.1    13.6    20.4    20.1     0.0    21.27 C    37.3    10.8    20.7    82.4    34.6    57.2   0.253   0.365   0.395   0.452   0.441    15.5    13.9    12.4    11.7    11.3
53926 20210406  2.622  -97.09   36.12    27.3    16.3    21.8    21.3     0.0    12.70 C    36.8    13.9    21.3    79.8    44.1    61.7   0.240   0.359   0.395   0.454   0.441    16.1    14.6    13.1    12.1    11.5
53926 20210407  2.622  -97.09   36.12    22.4     9.6    16.0    13.1     0.0    13.12 C    33.4     6.1    14.7    68.2    41.5    55.9   0.227   0.352   0.393   0.453   0.442    15.6    14.3    13.4    12.5    11.8
53926 20210408  2.622  -97.09   36.12    25.8     8.1    16.9    16.6     0.0    24.43 C    39.3     4.5    17.3    66.2    17.4    38.2 -99.000   0.342   0.391 -99.000   0.443    14.9    13.4    12.6    12.6    12.1
53926 20210409  2.622  -97.09   36.12    25.2     8.7    16.9    16.3     5.9     8.38 C    41.3     4.9    15.8    86.7    53.4    62.9   0.201   0.337   0.392   0.453   0.442    14.9    13.7    12.8    12.6    12.2
53926 20210410  2.622  -97.09   36.12    20.3     4.8    12.5    11.6     0.0    22.57 C    34.6     0.8    12.6    86.9    25.6    57.4   0.195   0.340   0.394   0.451   0.440    14.3    13.0    12.4    12.6    12.3
53926 20210411  2.622  -97.09   36.12    29.8     3.5    16.7    17.8     0.0    24.94 C    43.6    -0.2    18.0    90.7    17.2    43.9   0.189   0.329   0.392   0.451   0.437    14.6    13.0    12.2    12.5    12.3
53926 20210412  2.622  -97.09   36.12    19.4    10.3    14.8    14.7     0.0    17.17 C    31.2     7.6    15.6    52.9    29.1    36.9   0.181   0.318   0.390   0.451   0.435    14.7    13.4    12.6    12.6    12.4
53926 20210413  2.622  -97.09   36.12    20.5     5.3    12.9    12.9    17.4    22.32 C    34.0     0.9    14.6    86.8    19.0    45.1   0.177   0.315   0.393   0.450   0.434    14.3    13.0    12.3    12.6    12.4
53926 20210414  2.622  -97.09   36.12    17.0     8.6    12.8    11.9    12.5     9.30 C    26.0     8.4    12.5    90.4    35.4    69.4   0.430   0.435   0.462   0.457   0.437    13.8    12.5    12.0    12.5    12.5
53926 20210415  2.622  -97.09   36.12    13.8     9.2    11.5    11.0     1.1     8.14 C    20.9     7.5    11.5    90.9    43.9    64.2   0.401   0.425   0.466   0.461   0.437    13.6    12.6    12.0    12.5    12.5
53926 20210416  2.622  -97.09   36.12    11.5     7.0     9.2     9.1    12.8     3.52 C    15.9     6.7     9.9    92.1    81.5    87.0   0.437   0.432   0.468   0.460   0.437    12.7    12.0    11.7    12.3    12.5
53926 20210417  2.622  -97.09   36.12    12.5     3.2     7.8     8.4     0.0    11.20 C    20.5     1.1     9.2    88.2    52.7    71.4   0.414   0.437   0.470   0.461   0.438    12.2    11.4    11.2    12.2    12.4
53926 20210418  2.622  -97.09   36.12    17.6     4.4    11.0    11.1     0.0    22.66 C    36.7     0.7    13.0    89.7    26.7    60.2   0.393   0.415   0.467   0.461   0.437    12.9    11.7    11.2    12.0    12.2
53926 20210419  2.622  -97.09   36.12    24.6     1.6    13.1    13.8     0.0    25.97 C    40.9    -1.3    16.2    94.2    15.7    52.5   0.362   0.398   0.433   0.461   0.436    13.4    12.0    11.3    11.9    12.2
53926 20210420  2.622  -97.09   36.12    10.7    -0.8     4.9     4.8     0.0    12.64 C    26.2    -4.1     5.6    88.8    29.6    59.1   0.339   0.387   0.410   0.459   0.437    12.3    11.2    11.2    12.0    12.2
53926 20210421  2.622  -97.09   36.12    15.3    -1.4     7.0     7.5     0.0    25.28 C    33.2    -4.7    10.2    90.8    21.6    52.5   0.327   0.381   0.403   0.457   0.436    11.5    10.4    10.3    11.7    12.1
53926 20210422  2.622  -97.09   36.12    17.0     3.1    10.0     9.6     0.2    10.98 C    30.2    -0.6    10.0    77.2    26.4    52.7   0.318   0.377   0.401   0.457   0.436    11.6    10.6    10.3    11.4    12.0
53926 20210423  2.622  -97.09   36.12    20.0     9.8    14.9    14.0    32.3     6.88 C    30.3     9.1    14.9    91.7    61.3    76.6   0.338   0.387   0.410   0.458   0.436    12.6    11.5    10.8    11.4    11.9
53926 20210424  2.622  -97.09   36.12    21.0     8.7    14.9    14.6     0.2    19.10 C    34.6     4.8    16.0    91.9    37.9    73.9   0.446   0.446   0.471   0.462   0.436    14.3    12.9    11.8    11.6    11.9
53926 20210425  2.622  -97.09   36.12    26.3     9.1    17.7    18.3     0.0    25.99 C    37.1     4.9    19.1    91.3    37.0    61.5   0.396   0.427   0.473   0.464   0.436    15.0    13.4    12.2    12.0    12.0
53926 20210426  2.622  -97.09   36.12    28.3    18.4    23.3    22.8     0.0    19.75 C    37.7    15.6    23.2    71.0    37.0    54.9   0.358   0.407   0.443   0.463   0.437    16.7    14.9    13.3    12.4    12.2
53926 20210427  2.622  -97.09   36.12    25.0    19.1    22.0    21.1     4.8     7.02 C    33.0    16.5    20.8    90.8    61.1    75.8   0.348   0.398   0.420   0.464   0.437    17.0    15.6    14.1    13.0    12.5
53926 20210428  2.622  -97.09   36.12    23.8    15.7    19.7    20.1     1.4     9.03 C    33.9    15.0    20.7    91.9    73.7    84.9   0.384   0.409   0.418   0.460   0.436    17.6    16.3    14.7    13.5    12.8
53926 20210429  2.622  -97.09   36.12    26.0    11.3    18.6    18.4     0.0    20.11 C    38.8     7.6    19.4    90.2    28.3    63.8   0.373   0.403   0.414   0.462   0.438    18.0    16.3    14.9    13.8    13.1
53926 20210430  2.622  -97.09   36.12    27.5     8.7    18.1    18.3     0.0    27.03 C    44.8     6.1    20.8    94.2    20.1    58.5   0.346   0.388   0.407   0.464   0.439    17.5    16.0    14.8    14.1    13.4
53926 20210501  2.622  -97.09   36.12    24.0    11.2    17.6    18.6     0.0    11.32 C    37.4     7.2    18.9    92.5    54.6    71.3   0.329   0.379   0.404   0.460   0.438    17.2    16.0    14.9    14.2    13.6
53926 20210502  2.622  -97.09   36.12    26.2    16.5    21.3    20.0     0.0    10.08 C    39.2    14.3    20.8    86.1    51.2    73.3   0.318   0.376   0.402   0.456   0.438    17.7    16.4    15.2    14.4    13.7
53926 20210503  2.622  -97.09   36.12    25.1    17.0    21.0    20.3     0.0     7.80 C    32.4    13.6    20.8    87.9    50.2    68.8   0.306   0.371   0.400   0.455   0.439    17.8    16.7    15.5    14.6    13.9
53926 20210504  2.622  -97.09   36.12    19.7     6.7    13.2    14.1    13.8    18.81 C    31.7     3.0    14.9    92.0    29.0    68.8   0.393   0.423   0.457   0.461   0.440    17.5    16.0    15.3    14.8    14.1
53926 20210505  2.622  -97.09   36.12    22.8     4.0    13.4    14.3     1.5    21.63 C    40.1     1.5    17.0    94.3    22.7    59.0   0.368   0.413   0.451   0.464   0.441    16.3    15.2    14.6    14.7    14.2
53926 20210506  2.622  -97.09   36.12    24.4     8.0    16.2    16.7     0.0    27.54 C    40.5     5.0    18.1    93.4    28.2    59.3   0.353   0.396   0.417   0.463   0.441    17.2    15.6    14.6    14.6    14.2
53926 20210507  2.622  -97.09   36.12    27.1     8.8    18.0    19.2     0.0    24.22 C    39.3     5.4    20.6    80.7    28.9    49.3   0.334   0.384   0.408   0.462   0.441    17.5    15.8    14.8    14.6    14.2
53926 20210508  2.622  -97.09   36.12    30.1    19.3    24.7    24.5     0.0    22.72 C    41.1    15.4    25.8    67.9    36.0    54.9   0.314   0.372   0.402   0.458   0.442    19.2    17.2    15.6    14.7    14.3
53926 20210509  2.622  -97.09   36.12    25.4    11.5    18.5    15.5     0.0    16.87 C    36.2    11.2    18.1    73.2    49.5    62.8   0.286   0.359   0.398   0.458   0.441    18.7    17.1    16.0    15.1    14.5
53926 20210510  2.622  -97.09   36.12    18.0     9.5    13.7    13.1     0.0    22.02 C    36.2     6.4    17.2    77.0    48.4    64.9   0.259   0.348   0.392   0.456   0.441    17.6    16.1    15.3    15.2    14.7
53926 20210511  2.622  -97.09   36.12    13.5     8.0    10.8    11.4     3.4     6.41 C    18.8     5.3    11.7    88.2    60.1    75.1   0.240   0.341   0.390   0.455   0.441    15.9    15.2    14.8    15.1    14.7
53926 20210512  2.622  -97.09   36.12    20.9     8.3    14.6    14.6     0.0    19.38 C    39.9     4.9    17.4    85.8    43.5    63.7   0.233   0.336   0.387   0.455   0.441    16.4    15.3    14.6    14.8    14.7
53926 20210513  2.622  -97.09   36.12    23.1     4.9    14.0    14.6     0.0    25.63 C    42.2     2.2    17.4    93.7    30.5    60.0   0.219   0.326   0.380   0.456   0.440    16.3    15.2    14.6    14.7    14.7
53926 20210514  2.622  -97.09   36.12    25.9     8.8    17.3    18.1     0.0    25.14 C    40.5     5.2    20.2    90.0    37.3    59.2   0.203   0.314   0.369   0.455   0.440    17.2    15.8    14.8    14.7    14.6
53926 20210515  2.622  -97.09   36.12    27.7    14.9    21.3    21.6     1.2    17.21 C    42.1    12.5    22.8    83.1    51.4    62.5   0.189   0.303   0.359   0.455   0.440    18.5    16.9    15.5    14.9    14.6
53926 20210516  2.622  -97.09   36.12    23.1    17.8    20.4    19.4    26.1     4.70 C    27.6    15.7    19.4    92.6    67.9    83.7   0.279   0.350   0.398   0.456   0.440    18.5    17.4    16.2    15.3    14.8
53926 20210517  2.622  -97.09   36.12    25.0    16.7    20.8    19.9     0.0    12.88 C    35.0    14.4    21.3    95.1    56.4    81.2   0.377   0.414   0.458   0.461   0.442    18.8    17.7    16.5    15.6    14.9
53926 20210518  2.622  -97.09   36.12    24.5    16.1    20.3    20.6     0.0    14.36 C    36.1    12.8    22.0    92.1    62.6    78.0   0.354   0.396   0.425   0.462   0.441    19.1    18.0    16.8    15.8    15.2
53926 20210519  2.622  -97.09   36.12    23.7    16.9    20.3    19.5    18.1    11.12 C    34.6    14.3    20.5    92.3    66.1    85.0   0.413   0.427   0.446   0.464   0.442    19.1    18.1    17.1    16.1    15.3
53926 20210520  2.622  -97.09   36.12    21.1    17.4    19.2    19.2     3.1     6.46 C    26.5    14.7    19.5    93.5    76.4    88.2   0.414   0.437   0.466   0.468   0.442    19.1    18.3    17.3    16.3    15.6
53926 20210521  2.622  -97.09   36.12    27.4    18.0    22.7    22.0     0.0    16.52 C    41.4    17.3    24.3    93.3    59.9    81.9   0.412   0.428   0.463   0.470   0.444    20.0    18.8    17.5    16.5    15.7
53926 20210522  2.622  -97.09   36.12    24.8    20.1    22.5    21.7     2.7     8.35 C    32.9    19.9    22.7    90.9    70.5    84.5   0.408   0.420   0.430   0.468   0.445    20.4    19.3    18.1    16.7    15.9
53926 20210523  2.622  -97.09   36.12    23.4    19.0    21.2    20.6     1.8     7.73 C    27.8    15.9    20.7    92.5    73.3    85.8   0.410   0.421   0.415   0.466   0.444    20.3    19.3    18.2    17.0    16.1
53926 20210524  2.622  -97.09   36.12    22.2    17.3    19.7    19.7     8.5     6.16 C    25.4    15.4    19.4    94.3    74.1    86.6   0.441   0.443   0.445   0.467   0.444    19.8    19.0    18.2    17.2    16.3
53926 20210525  2.622  -97.09   36.12    25.8    18.1    21.9    22.1     0.0    12.95 C    36.7    16.1    23.2    90.9    67.9    82.2   0.434   0.448   0.476   0.470   0.446    20.4    19.3    18.3    17.3    16.4
53926 20210526  2.622  -97.09   36.12    28.7    16.8    22.8    22.9     0.0    14.17 C    37.7    14.5    24.9    94.9    65.3    83.0   0.418   0.430   0.456   0.472   0.444    20.9    19.8    18.6    17.4    16.6
53926 20210527  2.622  -97.09   36.12    29.7    17.9    23.8    22.7    10.6     7.05 C    43.7    16.0    23.3    93.6    61.9    84.0   0.426   0.433   0.442   0.471   0.444    21.5    20.5    19.2    17.7    16.7
53926 20210528  2.622  -97.09   36.12    23.3    12.4    17.8    17.6     0.0    24.47 C    38.2    11.2    20.4    93.6    48.5    69.5   0.438   0.450   0.480   0.473   0.446    20.8    19.6    18.8    17.9    16.9
53926 20210529  2.622  -97.09   36.12    21.9    11.0    16.4    15.9     0.0    28.53 C    39.7     9.0    20.7    86.1    47.2    67.0   0.406   0.425   0.451   0.473   0.446    20.4    19.0    18.4    17.9    17.1
53926 20210530  2.622  -97.09   36.12    22.4    11.3    16.9    16.8     0.0    12.35 C    34.2     9.3    19.0    86.7    63.0    76.1   0.381   0.413   0.420   0.469   0.446    19.4    18.5    18.0    17.8    17.1
53926 20210531  2.622  -97.09   36.12    17.5    14.6    16.1    15.8    16.8     3.31 C    21.0    14.7    16.4    92.1    73.0    87.2   0.437   0.437   0.451   0.471   0.446    18.5    18.1    17.7    17.6    17.1
53926 20210601  2.622  -97.09   36.12    21.0    14.0    17.5    16.7     0.0     7.26 C    26.9    12.2    17.5    94.1    67.4    84.6   0.450   0.458   0.481   0.473   0.447    18.3    17.7    17.4    17.4    17.1
53926 20210602  2.622  -97.09   36.12    24.8    12.2    18.5    18.2     0.0    16.61 C    40.6    10.4    20.0    96.9    47.1    78.5   0.424   0.439   0.477   0.473   0.448    18.9    18.0    17.4    17.3    17.1
53926 20210603  2.622  -97.09   36.12    29.1    12.8    21.0    21.9     0.0    26.66 C    47.0    10.6    25.1    94.7    38.7    66.8   0.402   0.423   0.441   0.473   0.447    20.0    18.7    17.8    17.3    17.0
53926 20210604  2.622  -97.09   36.12    30.5    16.5    23.5    23.9     0.0    25.49 C    48.5    13.8    26.7    89.1    34.6    61.2   0.375   0.411   0.423   0.469   0.444    21.5    19.8    18.5    17.5    17.0
53926 20210605  2.622  -97.09   36.12    27.3    16.0    21.6    22.3     0.0    19.94 C    45.1    13.5    24.4    90.8    55.3    72.0   0.351   0.398   0.419   0.469   0.445    21.5    20.1    18.9    17.8    17.1
53926 20210606  2.622  -97.09   36.12    29.5    18.6    24.0    23.2     0.0    22.66 C    47.1    15.8    26.7    91.2    51.9    75.3   0.331   0.388   0.414   0.466   0.447    22.2    20.7    19.3    18.0    17.3
53926 20210607  2.622  -97.09   36.12    28.4    19.2    23.8    23.3     0.0    21.59 C    46.7    17.8    27.2    90.5    55.7    77.3   0.304   0.376   0.409   0.463   0.446    22.6    21.2    19.7    18.3    17.5
53926 20210608  2.622  -97.09   36.12    29.7    20.7    25.2    24.7     0.0    20.11 C    45.5    19.4    28.0    93.2    57.0    78.5   0.274   0.363   0.401   0.462   0.446    23.3    21.7    20.3    18.7    17.7
53926 20210609  2.622  -97.09   36.12    34.2    21.9    28.1    27.4     0.0    19.59 C    48.3    19.3    29.8    93.7    50.0    76.2   0.245   0.350   0.390   0.463   0.447    24.1    22.4    20.8    19.0    18.0
53926 20210610  2.622  -97.09   36.12    34.8    22.3    28.6    28.5     0.0    23.86 C    50.5    19.8    31.1    93.7    47.6    71.6   0.217   0.334   0.371   0.463   0.448    25.1    23.2    21.4    19.4    18.2
53926 20210611  2.622  -97.09   36.12    33.9    19.4    26.6    28.3    12.1    23.38 C    47.3    19.1    31.1    90.8    55.6    72.6   0.196   0.318   0.351   0.464   0.449    25.7    23.8    22.0    19.8    18.5
53926 20210612  2.622  -97.09   36.12    33.0    20.2    26.6    27.7     0.4    24.33 C    46.2    18.8    29.2    90.7    25.9    65.2   0.288   0.347   0.375   0.463   0.448    25.5    23.6    22.0    20.2    18.8
53926 20210613  2.622  -97.09   36.12    33.2    23.0    28.1    28.3     0.0    23.55 C    47.9    19.6    30.3    90.9    44.9    64.6   0.239   0.333   0.356   0.462   0.450    25.8    24.1    22.4    20.5    19.1
53926 20210614  2.622  -97.09   36.12    34.0    17.2    25.6    26.4     0.0    28.94 C    47.3    15.1    28.4    93.4    25.4    59.7   0.209   0.317   0.333   0.460   0.449    25.3    23.8    22.4    20.7    19.3
53926 20210615  2.622  -97.09   36.12    34.5 -9999.0 -9999.0    26.7     0.0    28.58 C    48.3    14.8    28.5    93.9    28.3    63.9   0.182   0.299   0.313   0.457   0.450    25.1    23.6    22.2    20.8    19.6
53926 20210616  2.622  -97.09   36.12    35.6    18.3    27.0    28.0     0.0    28.32 C    49.6    16.3    30.2    92.4    30.2    61.1   0.163   0.282   0.295   0.455   0.450    25.6    23.8    22.3    20.9    19.7
53926 20210617  2.622  -97.09   36.12    36.6    20.0    28.3    29.0     0.0    28.05 C    50.8    17.0    31.1    88.0    27.0    58.1   0.148   0.266   0.278   0.449   0.448    26.2    24.2    22.6    21.0    19.8
53926 20210618  2.622  -97.09   36.12    35.7    22.3    29.0    29.4     0.0    27.89 C    50.4    18.5    31.8    81.1    32.5    56.7   0.138   0.251   0.266   0.442   0.447    26.8    24.7    22.9    21.2    20.0
53926 20210619  2.622  -97.09   36.12    34.6    21.9    28.3    28.5     0.0    27.83 C    50.0    18.9    31.4    85.1    35.3    58.2   0.130   0.238   0.258   0.439   0.440    27.0    25.0    23.2    21.4    20.2
53926 20210620  2.622  -97.09   36.12    35.8    21.9    28.8    29.2     0.0    27.25 C    50.8    18.4    32.1    72.8    34.6    52.9   0.124   0.227   0.252   0.435   0.434    27.2    25.1    23.3    21.6    20.4
53926 20210621  2.622  -97.09   36.12    27.2    15.1    21.1    21.1     3.0    12.55 C    33.9    12.4    21.0    90.4    35.8    66.4   0.120   0.218   0.250   0.435   0.427    25.1    23.8    22.9    21.8    20.6
53926 20210622  2.622  -97.09   36.12    30.0    12.6    21.3    22.3     0.0    29.00 C    46.1    10.4    25.6    94.1    26.6    57.5   0.118   0.211   0.248   0.429   0.426    23.9    22.7    21.9    21.5    20.6
53926 20210623  2.622  -97.09   36.12    33.4    20.2    26.8    26.9     0.0    23.82 C    47.3    18.5    29.8    77.3    50.3    59.7   0.116   0.208   0.246   0.425   0.417    25.1    23.4    22.0    21.3    20.6
53926 20210624  2.622  -97.09   36.12    35.7    25.0    30.3    30.1     0.0    26.93 C    50.4    23.5    33.1    83.7    41.0    61.8   0.114   0.207   0.245   0.424   0.409    26.9    24.8    23.0    21.4    20.6
53926 20210625  2.622  -97.09   36.12    34.9    22.4    28.6    29.9     1.3    24.54 C    49.9    21.4    33.0    82.8    47.0    60.9   0.112   0.203   0.243   0.418   0.405    27.4    25.4    23.6    21.7    20.7
53926 20210626  2.622  -97.09   36.12    29.8    19.9    24.8    23.9    52.6    17.96 C    42.6    19.9    26.4    92.3    60.4    80.3   0.329   0.380   0.392   0.444   0.423    26.0    24.2    23.2    22.1    20.9
53926 20210627  2.622  -97.09   36.12    25.7    19.4    22.6    22.1    33.1     8.64 C    30.6    19.4    22.9    92.7    65.9    83.9   0.480   0.451   0.485   0.463   0.441    24.5    23.4    22.8    22.1    21.0
53926 20210628  2.622  -97.09   36.12    27.0    21.5    24.2    23.3    18.0    10.18 C    33.9    20.1    24.2    92.5    60.9    85.3   0.423   0.434   0.477   0.465   0.441    24.5    23.5    22.7    22.0    21.1
53926 20210629  2.622  -97.09   36.12    27.9    21.6    24.8    23.7    13.6     9.30 C    34.1    21.3    24.6    93.1    66.2    87.3   0.488   0.465   0.483   0.466   0.442    24.3    23.4    22.6    22.0    21.1
53926 20210630  2.622  -97.09   36.12    31.3    21.5    26.4    25.4     0.3    17.40 C    41.8    20.6    26.8    93.0    59.4    81.6   0.458   0.459   0.483   0.467   0.442    25.2    24.0    22.9    22.0    21.1
53926 20210701  2.622  -97.09   36.12    27.4    21.8    24.6    24.0     7.0     7.56 C    35.8    20.6    24.4    94.7    75.1    89.8   0.462   0.455   0.482   0.467   0.442    24.9    24.0    23.1    22.1    21.2
53926 20210702  2.622  -97.09   36.12    29.7    21.6    25.7    25.4     0.4    14.93 C    41.1    19.2    25.7    95.1    50.1    74.2   0.461   0.462   0.482   0.468   0.443    24.8    24.0    23.1    22.1    21.3
53926 20210703  2.622  -97.09   36.12    30.3    17.2    23.7    24.3     0.0    28.20 C    41.5    15.7    26.2    92.4    34.2    62.4   0.417   0.434   0.466   0.465   0.445    24.9    23.9    23.0    22.2    21.3
53926 20210704  2.622  -97.09   36.12    30.4    17.4    23.9    24.3     0.0    26.51 C    42.9    15.6    26.1    93.8    36.1    65.4   0.371   0.414   0.428   0.466   0.445    24.9    23.7    22.9    22.1    21.3
53926 20210705  2.622  -97.09   36.12    30.7    17.7    24.2    24.7     0.0    28.09 C    43.1    16.1    26.9    93.5    36.8    63.3   0.346   0.403   0.419   0.463   0.445    25.0    23.8    22.9    22.1    21.3
53926 20210706  2.622  -97.09   36.12    31.9    17.7    24.8    25.4     0.0    26.55 C    43.8    16.0    27.3    93.1    41.7    65.4   0.321   0.394   0.414   0.460   0.446    25.2    23.9    23.0    22.1    21.3
53926 20210707  2.622  -97.09   36.12    32.5    20.1    26.3    24.8     2.8    15.49 C    44.7    18.9    25.9    94.2    45.9    80.8   0.297   0.390   0.409   0.462   0.444    25.2    24.1    23.1    22.2    21.4
53926 20210708  2.622  -97.09   36.12    33.6    20.1    26.9    27.2     0.0    26.68 C    44.4    18.7    28.8    95.4    44.8    71.6   0.284   0.388   0.404   0.461   0.445    25.8    24.5    23.3    22.2    21.5
53926 20210709  2.622  -97.09   36.12    33.9    23.6    28.8    28.4     0.0    25.30 C    43.6    21.3    29.8    82.6    44.1    65.0   0.259   0.376   0.393   0.460   0.445    26.7    25.2    23.8    22.4    21.5
53926 20210710  2.622  -97.09   36.12    33.4    21.5    27.5    26.7    16.2    23.74 C    43.3    20.8    29.1    91.8    52.2    74.0   0.259   0.379   0.387   0.459   0.445    27.0    25.4    24.0    22.7    21.7
53926 20210711  2.622  -97.09   36.12    27.5    18.0    22.7    23.0     0.0    20.58 C    34.4    16.8    23.6    91.8    50.6    72.9   0.329   0.407   0.403   0.462   0.448    26.2    24.6    23.8    22.8    21.8
53926 20210712  2.622  -97.09   36.12 -9999.0    16.1 -9999.0    23.6     0.0    27.38 C    40.3    14.8    25.2    93.3    38.1    66.9   0.300   0.391   0.395   0.462   0.446    25.3    24.0    23.2    22.7    21.9
53926 20210713  2.622  -97.09   36.12    33.3    19.6    26.5    26.8     0.0    25.08 C    39.9    17.7    27.8    85.7    41.5    63.8   0.272   0.378   0.382   0.462   0.447    25.8    24.3    23.3    22.6    21.9
53926 20210714  2.622  -97.09   36.12    32.3    22.9    27.6    27.5     0.0    24.91 C    39.6    21.3    28.3    79.7    46.1    61.6   0.239   0.362   0.364   0.461   0.445    26.2    24.8    23.7    22.7    21.9
53926 20210715  2.622  -97.09   36.12    31.1    23.4    27.3    27.2     0.0    17.11 C    39.1    22.1    27.6    78.8    54.9    66.7   0.211   0.344   0.348   0.461   0.445    26.0    24.9    23.8    22.8    21.9
53926 20210716  2.622  -97.09   36.12    33.0    22.8    27.9    27.8     1.7    21.68 C    39.1    21.0    28.6    85.7    51.8    69.8   0.193   0.328   0.335   0.460   0.444    26.5    25.2    23.9    22.9    22.1
53926 20210717  2.622  -97.09   36.12    33.4    23.1    28.2    26.8     3.0    16.55 C    43.5    21.8    27.4    93.0    51.3    75.3   0.178   0.319   0.322   0.458   0.444    26.6    25.4    24.2    23.0    22.1
53926 20210718  2.622  -97.09   36.12    30.8    22.7    26.8    26.1     0.0    18.74 C    37.5    21.3    27.3    94.8    58.0    79.4   0.172   0.317   0.316   0.454   0.443    26.4    25.3    24.2    23.2    22.2
53926 20210719  2.622  -97.09   36.12    30.7    21.1    25.9    25.7     0.0    24.89 C    40.7    18.6    27.1    89.6    41.2    66.8   0.161   0.299   0.305   0.452   0.443    26.4    25.1    24.2    23.2    22.3
53926 20210720  2.622  -97.09   36.12    30.5    18.8    24.6    24.7     0.0    25.05 C    42.9    17.0    26.7    89.2    40.1    65.9   0.146   0.275   0.289   0.451   0.440    25.8    24.7    23.9    23.2    22.4
53926 20210721  2.622  -97.09   36.12    30.9    16.4    23.7    24.1     0.0    23.76 C    41.0    15.2    25.6    92.4    37.1    65.8   0.134   0.254   0.277   0.448   0.433    25.4    24.4    23.6    23.2    22.4
53926 20210722  2.622  -97.09   36.12    32.8    17.6    25.2    25.8     0.0    25.55 C    42.7    16.2    27.5    91.6    38.2    65.1   0.125   0.238   0.268   0.443   0.427    25.8    24.5    23.5    23.1    22.4
53926 20210723  2.622  -97.09   36.12    34.6    21.6    28.1    28.1     0.0    25.95 C    43.8    20.2    29.8    86.6    40.8    64.1   0.120   0.226   0.261   0.438   0.422    26.9    25.2    23.9    23.1    22.4
53926 20210724  2.622  -97.09   36.12    36.1    23.8    30.0    29.8     0.0    24.99 C    45.3    21.8    31.7    85.2    44.7    64.8   0.114   0.217   0.256   0.437   0.416    27.8    25.9    24.4    23.2    22.4
53926 20210725  2.622  -97.09   36.12    37.0    24.3    30.6    29.4     0.0    25.34 C    48.6    22.4    31.6    86.7    30.1    61.8   0.109   0.209   0.252   0.433   0.413    28.1    26.3    24.8    23.5    22.5
53926 20210726  2.622  -97.09   36.12    36.2    21.8    29.0    26.0    31.9    17.12 C    48.6    20.8    28.1    93.3    40.5    76.8   0.171   0.266   0.301   0.436   0.408    27.2    25.7    24.6    23.7    22.7
53926 20210727  2.622  -97.09   36.12    35.3    21.4    28.3    28.3     0.0    25.47 C    40.7    20.5    29.2    94.1    44.6    72.2   0.262   0.358   0.378   0.453   0.404    27.3    25.7    24.5    23.7    22.8
53926 20210728  2.622  -97.09   36.12    35.0    22.9    28.9    29.2     0.0    25.40 C    40.8    21.7    29.9    91.4    43.8    67.6   0.225   0.331   0.354   0.449   0.404    28.0    26.3    24.9    23.8    22.9
53926 20210729  2.622  -97.09   36.12    35.3    23.5    29.4    29.1     0.0    24.96 C    40.4    22.0    29.6    92.2    39.0    68.3   0.198   0.306   0.330   0.447   0.404    28.1    26.6    25.2    24.0    23.0
53926 20210730  2.622  -97.09   36.12    35.8    21.7    28.7    29.3     0.0    23.99 C    41.2    20.7    29.9    93.2    40.2    66.2   0.170   0.281   0.309   0.441   0.406    27.9    26.5    25.3    24.1    23.1
53926 20210731  2.622  -97.09   36.12    36.9    23.7    30.3    30.4     0.0    24.98 C    42.7    22.2    31.0    85.1    37.3    60.0   0.144   0.256   0.292   0.440   0.403    28.3    26.8    25.4    24.2    23.2
53926 20210801  2.622  -97.09   36.12    29.7    20.2    25.0    24.7     8.8    20.38 C    36.1    17.9    25.7    91.4    47.5    71.9   0.174   0.284   0.280   0.437   0.403    27.4    26.0    25.2    24.3    23.3
53926 20210802  2.622  -97.09   36.12    29.6    16.9    23.3    23.2     0.0    23.21 C    37.3    15.4    24.0    88.2    37.2    66.1   0.162   0.270   0.275   0.432   0.406    26.0    25.0    24.4    24.2    23.4
53926 20210803  2.622  -97.09   36.12    30.5    16.5    23.5    23.4     0.0    24.26 C    38.7    15.2    24.6    93.9    29.9    64.3   0.145   0.252   0.269   0.429   0.404    25.3    24.4    23.9    23.9    23.3
53926 20210804  2.622  -97.09   36.12    31.5    15.4    23.5    23.2     0.0    23.81 C    39.9    14.0    24.8    92.9    33.0    66.1   0.127   0.233   0.262   0.425   0.403    24.9    24.1    23.6    23.7    23.2
53926 20210805  2.622  -97.09   36.12    31.0    17.5    24.3    23.7     0.0    16.60 C    39.8    16.3    24.5    92.4    42.5    72.1   0.115   0.219   0.258   0.419   0.400    25.0    24.2    23.6    23.5    23.1
53926 20210806  2.622  -97.09   36.12    34.8    18.8    26.8    26.7     0.0    23.74 C    40.3    17.9    27.9    91.9    38.4    66.3   0.107   0.209   0.253   0.416   0.396    25.8    24.6    23.7    23.4    23.0
53926 20210807  2.622  -97.09   36.12    35.3    23.5    29.4    29.0     0.0    24.54 C    42.1    22.4    30.2    75.2    44.0    60.8   0.102   0.201   0.249   0.410   0.395    26.9    25.4    24.2    23.5    23.0
53926 20210808  2.622  -97.09   36.12    33.2    20.3    26.8    27.2     7.9    17.55 C    38.0    19.0    27.4    86.7    52.4    68.4   0.111   0.251   0.247   0.406   0.392    26.7    25.3    24.4    23.7    23.1
53926 20210809  2.622  -97.09   36.12    35.4    25.3    30.3    30.2     0.0    23.62 C    40.8    23.9    31.0    77.6    50.7    62.5   0.111   0.237   0.248   0.400   0.394    27.6    26.1    24.8    23.8    23.1
53926 20210810  2.622  -97.09   36.12    35.6    25.5    30.6    30.2     0.0    24.87 C    41.1    23.8    31.0    72.9    44.3    58.9   0.107   0.212   0.246   0.395   0.391    27.9    26.4    25.1    24.0    23.2
53926 20210811  2.622  -97.09   36.12    35.6    26.4    31.0    29.8     0.0    21.40 C    42.3    25.1    30.4    67.6    40.1    54.8   0.100   0.195   0.243   0.385   0.388    27.7    26.3    25.1    24.2    23.3
53926 20210812  2.622  -97.09   36.12    36.6    25.6    31.1    30.2     0.0    23.23 C    45.2    23.4    31.4    71.7    38.0    57.6   0.095   0.189   0.241   0.371   0.385    28.0    26.4    25.1    24.2    23.4
53926 20210813  2.622  -97.09   36.12    32.0    22.3    27.1    26.1     0.3    10.67 C    42.1    21.0    26.5    87.3    51.6    70.4   0.092   0.186   0.239   0.360   0.384    27.2    26.1    25.2    24.4    23.5
53926 20210814  2.622  -97.09   36.12    33.0    21.2    27.1    26.3     0.0    17.36 C    43.8    20.3    27.9    91.2    43.7    70.1   0.090   0.184   0.238   0.353   0.384    26.8    25.7    24.8    24.2    23.5
53926 20210815  2.622  -97.09   36.12    33.3    19.5    26.4    26.5     0.0    23.92 C    44.5    18.5    28.7    93.1    39.8    67.4   0.089   0.182   0.236   0.341   0.384    27.0    25.7    24.7    24.2    23.5
53926 20210816  2.622  -97.09   36.12    32.4    20.7    26.6    25.1     0.0    16.04 C    44.2    19.3    26.6    90.2    45.1    72.5   0.086   0.180   0.235   0.330   0.381    26.8    25.5    24.7    24.2    23.5
53926 20210817  2.622  -97.09   36.12    30.4    20.1    25.2    24.5     0.0    14.22 C    42.3    19.0    25.8    91.9    58.6    76.8   0.084   0.179   0.234   0.321   0.379    26.2    25.2    24.4    24.1    23.5
53926 20210818  2.622  -97.09   36.12    31.7    20.1    25.9    25.3     1.6    16.63 C    40.8    19.2    26.3    92.6    52.8    75.8   0.085   0.177   0.233   0.313   0.380    26.2    25.1    24.2    24.0    23.5
53926 20210819  2.622  -97.09   36.12    29.7    24.0    26.9    25.9     0.0    10.23 C    36.1    23.4    26.9    87.1    63.4    80.3   0.085   0.177   0.233   0.307   0.380    26.3    25.3    24.3    24.0    23.5
53926 20210820  2.622  -97.09   36.12    36.0    24.4    30.2    29.0     4.0    18.41 C    40.6    23.6    29.5    88.3    44.5    69.7   0.092   0.198   0.233   0.302   0.380    27.0    25.8    24.6    24.0    23.5
53926 20210821  2.622  -97.09   36.12    34.6    21.7    28.2    27.4    21.3    18.44 C    43.5    21.1    29.1    90.3    48.7    71.9   0.116   0.202   0.254   0.305   0.377    27.3    25.9    24.9    24.2    23.5
53926 20210822  2.622  -97.09   36.12    35.3    21.5    28.4    28.1     0.0    22.47 C    40.3    20.6    28.9    93.8    45.8    71.2   0.190   0.255   0.348   0.335   0.379    27.1    25.8    24.8    24.2    23.6
53926 20210823  2.622  -97.09   36.12    36.1    23.4    29.8    29.5     0.0    24.43 C    41.2    21.7    29.8    82.1    30.9    56.6   0.162   0.238   0.316   0.326   0.378    27.5    26.2    25.1    24.4    23.6
53926 20210824  2.622  -97.09   36.12    36.6    22.8    29.7    29.5     0.0    24.11 C    41.8    21.1    30.0    80.2    35.1    57.8   0.137   0.220   0.284   0.320   0.379    27.4    26.1    25.1    24.4    23.7
53926 20210825  2.622  -97.09   36.12    37.5    23.4    30.5    30.3     0.0    23.87 C    43.0    21.8    31.0    82.6    34.3    57.9   0.115   0.203   0.262   0.311   0.380    27.7    26.4    25.3    24.5    23.7
53926 20210826  2.622  -97.09   36.12    36.3    22.3    29.3    29.8     0.0    23.26 C    43.4    20.3    30.6    84.7    34.0    58.2   0.098   0.190   0.250   0.302   0.381    27.8    26.5    25.4    24.6    23.8
53926 20210827  2.622  -97.09   36.12    35.6    22.8    29.2    28.9     0.0    22.44 C    43.8    21.0    29.9    83.1    37.7    60.1   0.088   0.183   0.243   0.294   0.377    27.8    26.5    25.4    24.7    23.9
53926 20210828  2.622  -97.09   36.12    34.4    22.3    28.3    28.0     0.0    21.56 C    42.6    20.9    29.1    84.4    36.5    61.8   0.084   0.179   0.238   0.288   0.375    27.6    26.3    25.3    24.7    23.9
53926 20210829  2.622  -97.09   36.12    34.0    21.3    27.6    27.4     0.0    22.62 C    44.5    20.0    29.2    88.7    39.2    65.1   0.080   0.177   0.234   0.283   0.373    27.5    26.2    25.2    24.7    24.0
53926 20210830  2.622  -97.09   36.12    34.1    21.4    27.7    26.1     1.1    19.65 C    43.2    20.3    27.6    90.6    42.7    72.6   0.079   0.175   0.231   0.281   0.368    27.2    26.1    25.2    24.7    24.0
53926 20210831  2.622  -97.09   36.12    36.6    20.6    28.6    28.5     0.0    20.65 C    47.2    19.4    29.9    92.7    33.4    63.3   0.078   0.174   0.229   0.278   0.371    27.1    26.0    25.1    24.6    23.9
53926 20210901  2.622  -97.09   36.12    37.5    21.7    29.6    29.8     0.0    21.66 C    47.7    20.0    31.0    87.9    31.0    59.1   0.077   0.173   0.228   0.275   0.367    27.6    26.3    25.3    24.7    24.0
53926 20210902  2.622  -97.09   36.12    36.4    23.5    29.9    30.0     0.0    20.18 C    46.3    21.9    31.5    85.8    35.8    60.6   0.076   0.172   0.227   0.273   0.366    28.0    26.6    25.5    24.7    24.0
53926 20210903  2.622  -97.09   36.12    37.4    25.0    31.2    30.4     0.0    16.89 C    47.8    23.6    31.7    82.7    36.8    59.6   0.075   0.172   0.226   0.272   0.364    28.2    26.8    25.7    24.9    24.1
53926 20210904  2.622  -97.09   36.12    33.9    24.0    29.0    27.8     0.0    15.99 C    47.4    22.2    29.7    83.1    45.1    65.0   0.075   0.171   0.225   0.271   0.361    27.8    26.7    25.6    25.0    24.1
53926 20210905  2.622  -97.09   36.12    32.8    17.3    25.0    24.6     0.0    22.10 C    45.9    14.9    27.2    90.6    26.4    62.5   0.073   0.168   0.224   0.270   0.360    27.1    25.9    25.2    24.9    24.1
53926 20210906  2.622  -97.09   36.12    34.0    13.9    24.0    25.1     0.0    22.18 C    45.5    12.3    26.4    91.6    28.8    59.6   0.071   0.165   0.222   0.266   0.358    26.1    25.1    24.7    24.7    24.2
53926 20210907  2.622  -97.09   36.12    36.0    20.4    28.2    28.0     0.0    21.44 C    47.1    16.9    29.1    79.6    34.8    54.0   0.072   0.166   0.223   0.267   0.355    26.7    25.5    24.7    24.6    24.1
53926 20210908  2.622  -97.09   36.12    33.1    16.2    24.7    25.6     0.0    22.13 C    45.3    13.3    27.0    76.4    16.7    40.7   0.070   0.165   0.221   0.267   0.351    26.4    25.3    24.6    24.6    24.0
53926 20210909  2.622  -97.09   36.12    34.5    12.8    23.7    24.3     0.0    21.67 C    45.4    11.0    25.3    86.0    21.4    48.2   0.068   0.163   0.219   0.264   0.351    25.4    24.5    24.0    24.3    24.0
53926 20210910  2.622  -97.09   36.12    34.5    18.4    26.5    26.5     0.0    18.77 C    42.4    15.4    26.7    64.7    24.1    41.1   0.067   0.162   0.219   0.264   0.347    25.6    24.6    23.9    24.1    23.9
53926 20210911  2.622  -97.09   36.12    35.2    20.9    28.0    27.3     0.0    20.30 C    43.8    17.8    27.7    57.7    24.4    41.0   0.067   0.161   0.219   0.263   0.344    25.8    24.7    24.0    24.0    23.8
53926 20210912  2.622  -97.09   36.12    33.9    19.3    26.6    26.0     0.0    20.79 C    44.3    16.4    26.6    64.2    25.0    44.9   0.066   0.160   0.218   0.263   0.342    25.8    24.7    24.0    24.0    23.8
53926 20210913  2.622  -97.09   36.12    33.9    17.6    25.7    26.0     0.0    20.82 C    43.1    14.5    26.7    79.2    30.6    54.0   0.066   0.160   0.218   0.262   0.340    25.7    24.7    24.0    23.9    23.7
53926 20210914  2.622  -97.09   36.12    33.6    20.6    27.1    26.5     0.0    20.89 C    45.5    18.3    27.7    84.3    34.4    58.9   0.066   0.160   0.218   0.261   0.337    26.2    25.1    24.2    23.9    23.7
53926 20210915  2.622  -97.09   36.12 -9999.0    19.8 -9999.0    25.4     0.0    17.06 C    46.7    18.0    27.0    86.2    36.4    61.8   0.066   0.159   0.218   0.261   0.337    26.0    25.0    24.3    24.0    23.7
53926 20210916  2.622  -97.09   36.12    34.3    17.7    26.0    25.9     0.0    19.11 C    46.0    16.1    27.2    91.2    32.2    61.5   0.065   0.158   0.217   0.261   0.336    25.8    24.9    24.2    24.1    23.7
53926 20210917  2.622  -97.09   36.12    33.8    19.2    26.5    26.2     0.0    20.38 C    46.1    16.8    27.6    85.6    33.5    60.0   0.065   0.158   0.217   0.261   0.333    26.1    25.0    24.3    24.0    23.7
53926 20210918  2.622  -97.09   36.12 -9999.0    17.5 -9999.0 -9999.0     0.0    20.60 C    46.3    15.9    27.1    90.4    27.0    60.6   0.065   0.157   0.216   0.261   0.331    25.8    24.8    24.1    24.0    23.7
53926 20210919  2.622  -97.09   36.12    34.8    17.8    26.3    26.3     0.0    20.15 C    46.0    16.1    27.7    87.8    28.9    60.1   0.064   0.156   0.216   0.260   0.331    25.8    24.8    24.1    24.0    23.7
53926 20210920  2.622  -97.09   36.12    36.9    22.8    29.8    28.5     0.0    15.34 C    47.7    20.6    29.3    79.2    27.7    51.9   0.064   0.155   0.216   0.260   0.330    26.5    25.2    24.4    24.0    23.7
53926 20210921  2.622  -97.09   36.12    26.9    10.8    18.9    20.3     0.6    20.32 C    39.7     7.5    21.4    77.2    18.6    43.6   0.062   0.154   0.215   0.259   0.328    24.9    23.8    23.5    24.1    23.7
53926 20210922  2.622  -97.09   36.12    26.8     7.6    17.2 -9999.0     0.0    21.48 C    42.3     5.1    18.2    81.8    18.7    51.2   0.061   0.151   0.214   0.258   0.328    22.7    22.2    22.3    23.6    23.7
53926 20210923  2.622  -97.09   36.12    29.8     7.2    18.5    19.1     0.0    20.83 C    42.1     5.3    19.6    87.0    18.3    48.4   0.059   0.149   0.212   0.257   0.327    22.1    21.7    21.8    23.1    23.4
53926 20210924  2.622  -97.09   36.12    31.4    12.5    22.0    22.0     0.0    17.44 C    42.5     8.7    21.4    62.1    18.1    38.2   0.059   0.148   0.212   0.256   0.325    22.5    22.0    21.9    22.8    23.2
53926 20210925  2.622  -97.09   36.12    31.2    11.7    21.4    21.9     0.0    20.14 C    42.1     9.2    22.8    84.0    20.0    46.0   0.059   0.148   0.212   0.255   0.325    22.7    22.1    21.9    22.6    22.9
53926 20210926  2.622  -97.09   36.12    34.4    15.3    24.8    25.3     0.0    19.92 C    43.9    11.8    25.1    64.1    18.1    37.0   0.060   0.149   0.212   0.255   0.323    23.2    22.5    22.1    22.5    22.8
53926 20210927  2.622  -97.09   36.12    34.6    18.3    26.5    26.1     0.0    18.62 C    45.1    14.0    26.2    58.6    20.4    38.5   0.060   0.149   0.212   0.255   0.322    23.7    22.9    22.4    22.6    22.8
53926 20210928  2.622  -97.09   36.12    34.5    18.0    26.2    26.5     0.0    18.95 C    44.8    15.5    27.9    74.9    26.3    48.0   0.061   0.150   0.212   0.255   0.322    24.5    23.5    22.7    22.7    22.7
53926 20210929  2.622  -97.09   36.12    31.2    19.9    25.5    24.8     0.0    13.77 C    41.5    17.5    26.0    78.7    42.6    62.0   0.060   0.149   0.213   0.255   0.321    24.7    23.8    23.0    22.9    22.8
53926 20210930  2.622  -97.09   36.12    23.2    16.9    20.1    20.2     4.5     2.10 C    26.3    14.9    20.0    93.0    78.9    86.7   0.060   0.182   0.213   0.256   0.320    23.7    23.2    22.9    23.0    22.9
53926 20211001  2.622  -97.09   36.12    25.5    14.8    20.1    19.8     0.0    10.01 C    33.2    13.4    20.5    95.9    55.8    81.5   0.059   0.198   0.211   0.255   0.319    22.5    22.3    22.3    22.8    22.9
53926 20211002  2.622  -97.09   36.12    27.1    15.7    21.4    20.2     7.3    14.33 C    38.7    13.6    21.4    94.5    47.6    79.3   0.133   0.227   0.257   0.256   0.321    22.7    22.3    22.2    22.6    22.7
53926 20211003  2.622  -97.09   36.12    27.9    12.4    20.2    19.1     0.0    18.75 C    39.4    10.2    20.0    95.5    26.3    69.1   0.136   0.211   0.256   0.254   0.320    21.7    21.6    21.8    22.6    22.7
53926 20211004  2.622  -97.09   36.12    30.0     9.9    19.9    18.5     0.0    18.68 C    40.2     8.0    19.4    93.3    19.5    62.2   0.121   0.193   0.238   0.255   0.320    20.6    20.8    21.1    22.2    22.5
53926 20211005  2.622  -97.09   36.12    28.7     9.3    19.0 -9999.0     0.0    18.35 C    39.5     7.5    19.5    92.4    26.4    60.1   0.110   0.177   0.227   0.253   0.320    20.1    20.4    20.8    21.9    22.3
53926 20211006  2.622  -97.09   36.12    27.7    10.9    19.3    18.1     0.0    14.71 C    39.7     9.1    19.0    92.9    38.9    71.4   0.102   0.165   0.222   0.253   0.320    20.2    20.3    20.6    21.6    22.1
53926 20211007  2.622  -97.09   36.12    31.4    11.0    21.2    21.3     0.0    16.60 C    39.8     9.2    21.3    93.1    26.9    59.5   0.096   0.159   0.220   0.253   0.319    20.5    20.5    20.6    21.5    21.9
53926 20211008  2.622  -97.09   36.12    35.1    17.0    26.1    25.7     0.0    16.86 C    43.7    13.6    25.7    80.9    23.5    49.8   0.091   0.158   0.218   0.254   0.317    21.8    21.3    21.0    21.4    21.8
53926 20211009  2.622  -97.09   36.12    34.2    22.0    28.1    27.3     0.0    16.58 C    42.8    18.7    27.0    59.0    24.2    41.8   0.085   0.157   0.217   0.253   0.319    22.6    22.0    21.5    21.5    21.7
53926 20211010  2.622  -97.09   36.12    27.9    14.5    21.2    22.8    43.6     9.25 C    36.5    14.5    23.0    91.4    40.2    63.5   0.115   0.189   0.245   0.287   0.319    22.2    21.6    21.5    21.7    21.8
53926 20211011  2.622  -97.09   36.12    25.2    11.5    18.3    17.7    15.7    17.98 C    34.1     9.2    18.4    92.2    28.9    66.9   0.272   0.358   0.383   0.456   0.416    20.3    19.3    19.9    21.4    21.8
53926 20211012  2.622  -97.09   36.12    24.3    10.4    17.4    18.8     0.0     8.14 C    30.9     8.7    18.4    92.8    44.2    70.6   0.228   0.336   0.370   0.456   0.417    19.5    19.4    19.8    21.1    21.6
53926 20211013  2.622  -97.09   36.12    25.1    16.8    21.0    20.9    19.2    12.37 C    34.2    15.8    21.5    90.1    47.4    72.6   0.305   0.398   0.430   0.468   0.425    21.0    20.3    20.0    20.8    21.4
53926 20211014  2.622  -97.09   36.12    22.6    12.3    17.4    16.9     1.8     5.98 C    28.2    10.2    17.0    94.7    70.5    87.4   0.284   0.378   0.400   0.468   0.432    20.2    20.0    20.1    20.9    21.4
53926 20211015  2.622  -97.09   36.12    19.5     7.2    13.4    14.5     7.1    15.51 C    28.1     4.7    15.1    92.2    33.2    64.4   0.331   0.406   0.450   0.474   0.436    19.6    19.3    19.7    20.8    21.2
53926 20211016  2.622  -97.09   36.12 -9999.0     4.3 -9999.0    12.3     0.0    17.68 C    32.6     1.7    12.5    92.6    19.6    63.2   0.283   0.377   0.412   0.469   0.434    17.3    17.7    18.6    20.5    21.1
53926 20211017  2.622  -97.09   36.12    25.8     5.4    15.6    15.5     0.0    17.19 C    36.4     3.6    15.1    91.7    18.1    55.1   0.269   0.366   0.398   0.464   0.433    17.0    17.4    18.2    20.0    20.9
53926 20211018  2.622  -97.09   36.12    23.5     7.2    15.4    15.9     0.0    16.84 C    30.9     4.4    15.3    83.0    28.0    51.9   0.268   0.360   0.392   0.464   0.430    17.1    17.5    18.1    19.7    20.6
53926 20211019  2.622  -97.09   36.12    27.0    12.8    19.9    19.4     0.0    16.03 C    32.5    10.6    19.4    67.8    42.5    55.9   0.263   0.354   0.388   0.461   0.428    18.1    18.0    18.2    19.4    20.3
53926 20211020  2.622  -97.09   36.12    23.4     8.3    15.8    17.0     0.0    15.31 C    34.4     5.7    17.7    91.0    31.8    65.8   0.258   0.350   0.385   0.464   0.431    18.5    18.3    18.6    19.4    20.2
53926 20211021  2.622  -97.09   36.12 -9999.0 -9999.0 -9999.0    12.4     0.0    15.89 C    31.6     3.0    13.1    93.3    31.2    70.2   0.249   0.344   0.382   0.458   0.429    16.8    17.3    18.1    19.3    20.2
53926 20211022  2.622  -97.09   36.12    24.6     6.5    15.6    16.1     0.0    14.67 C    32.5     4.7    15.9    93.9    30.8    65.2   0.245   0.339   0.379   0.447   0.426    16.9    17.2    17.8    19.1    20.0
53926 20211023  2.622  -97.09   36.12    30.2    15.9    23.1    23.0     0.0    13.79 C    35.5    13.0    22.6    84.2    42.3    62.9   0.243   0.337   0.376   0.439   0.423    18.4    18.3    18.2    18.9    19.8
53926 20211024  2.622  -97.09   36.12    25.3    11.1    18.2    20.2     0.0    10.52 C    34.0     8.6    20.1    92.2    51.4    69.3   0.239   0.333   0.374   0.438   0.421    19.5    19.2    19.0    19.2    19.8
53926 20211025  2.622  -97.09   36.12    19.8     7.8    13.8    13.7     0.0    15.11 C    29.1     5.7    14.2    92.0    46.3    72.9   0.234   0.327   0.372   0.434   0.421    17.8    18.1    18.6    19.3    19.8
53926 20211026  2.622  -97.09   36.12    25.3    11.0    18.1    18.7     0.0    10.81 C    30.5     8.9    19.0    86.0    55.3    71.7   0.231   0.323   0.370   0.436   0.422    18.2    18.1    18.2    19.1    19.8
53926 20211027  2.622  -97.09   36.12    21.5    10.7    16.1    14.3    14.6     2.40 C    21.1    10.7    14.6    92.7    63.2    82.6   0.300   0.373   0.392   0.445   0.425    18.3    18.1    18.4    19.1    19.8
53926 20211028  2.622  -97.09   36.12    18.7    10.5    14.6    14.0     2.4    14.43 C    22.4     8.1    12.9    83.9    29.4    49.1   0.318   0.395   0.399   0.457   0.425    16.7    16.3    17.2    19.0    19.6
53926 20211029  2.622  -97.09   36.12    19.1     3.8    11.5    11.8     0.0    15.86 C    26.3     1.0    11.0    83.5    20.4    46.7   0.292   0.375   0.395   0.457   0.425    15.7    15.3    16.2    18.6    19.5
53926 20211030  2.622  -97.09   36.12    22.6     0.8    11.7    10.5     0.0    15.33 C    29.1    -0.7    10.1    92.5    23.2    65.2   0.275   0.364   0.391   0.454   0.423    14.4    14.8    15.7    18.1    19.2
53926 20211031  2.622  -97.09   36.12    18.7     5.0    11.8    11.3     0.0    13.57 C    25.8     3.3    11.1    92.1    34.0    64.0   0.266   0.357   0.387   0.453   0.422    14.5    14.9    15.7    17.7    18.9
53926 20211101  2.622  -97.09   36.12    10.7     6.4     8.6     8.4     0.0     2.59 C    14.6     4.7     9.0    76.7    58.1    65.7   0.262   0.356   0.386   0.447   0.421    14.2    14.7    15.5    17.4    18.7
53926 20211102  2.622  -97.09   36.12     9.3     3.6     6.4     6.2    12.4     4.61 C    14.2     2.7     7.1    91.8    60.9    78.9   0.268   0.365   0.385   0.445   0.423    13.5    13.9    15.0    17.1    18.4
53926 20211103  2.622  -97.09   36.12     9.4     5.7     7.6     7.2     1.0     2.73 C    12.5     4.2     8.0    92.2    73.6    86.2   0.334   0.417   0.432   0.462   0.439    13.0    13.3    14.5    16.6    18.2
53926 20211104  2.622  -97.09   36.12    15.5     3.7     9.6     9.2     0.0     8.72 C    24.3     1.0     9.8    93.8    53.0    79.6   0.320   0.394   0.417   0.464   0.442    13.4    13.8    14.5    16.4    17.9
53926 20211105  2.622  -97.09   36.12    16.3     2.3     9.3     8.7     0.0     8.73 C    21.8     0.1     7.9    95.0    46.0    75.0   0.303   0.382   0.404   0.464   0.442    12.8    13.4    14.4    16.2    17.7
53926 20211106  2.622  -97.09   36.12    20.2     3.2    11.7    11.2     0.0    13.87 C    25.9     0.8    10.4    91.4    42.2    68.3   0.291   0.376   0.399   0.459   0.442    12.9    13.5    14.3    16.0    17.4
53926 20211107  2.622  -97.09   36.12    25.1     7.9    16.5    15.5     0.0    14.01 C    28.4     4.2    14.2    80.3    28.4    57.5   0.284   0.371   0.395   0.459   0.437    13.6    14.1    14.6    15.9    17.2
53926 20211108  2.622  -97.09   36.12    26.1    11.6    18.9    17.5     0.0    13.25 C    30.2     8.8    15.9    78.6    31.3    58.7   0.278   0.367   0.393   0.458   0.436    14.5    14.8    15.0    15.9    17.1
53926 20211109  2.622  -97.09   36.12    20.7    11.0    15.8    15.1     0.0     7.06 C    30.3     8.4    15.1    93.1    59.3    80.8   0.273   0.364   0.391   0.456   0.437    15.1    15.3    15.5    16.1    17.0
53926 20211110  2.622  -97.09   36.12    19.7    10.5    15.1    15.7    11.3     1.48 C    20.2     8.2    14.9    91.8    73.5    83.3   0.300   0.383   0.409   0.460   0.436    15.4    15.5    15.7    16.3    17.1
53926 20211111  2.622  -97.09   36.12    17.2     3.6    10.4     9.7     0.0    13.37 C    22.7     1.1     8.3    85.5    23.0    61.1   0.344   0.410   0.472   0.474   0.435    14.1    14.6    15.3    16.3    17.1
53926 20211112  2.622  -97.09   36.12    12.6    -0.2     6.2     7.6     0.0    13.09 C    19.4    -2.5     7.2    82.5    23.7    54.8   0.317   0.388   0.430   0.475   0.436    12.9    13.4    14.5    16.1    17.1
53926 20211113  2.622  -97.09   36.12    16.8    -1.6     7.6     6.8     0.0    12.04 C    21.3    -3.7     5.7    87.1    22.1    56.5   0.297   0.380   0.407   0.469   0.436    11.4    12.3    13.5    15.7    17.0
53926 20211114  2.622  -97.09   36.12    15.8     2.2     9.0     8.4     0.0    10.78 C    23.6     0.3     7.8    89.2    31.7    64.3   0.288   0.375   0.401   0.464   0.434    11.7    12.4    13.4    15.3    16.7
53926 20211115  2.622  -97.09   36.12    23.6     3.2    13.4    13.1     0.0    11.47 C    29.8     0.9    11.2    89.2    28.2    54.9   0.282   0.371   0.397   0.461   0.437    11.9    12.6    13.4    15.1    16.5
53926 20211116  2.622  -97.09   36.12    26.8     5.8    16.3    17.2     0.0    10.13 C    29.8     3.5    16.0    94.7    34.9    68.1   0.278   0.368   0.396   0.459   0.434    13.0    13.4    13.7    14.9    16.3
53926 20211117  2.622  -97.09   36.12    20.6     4.0    12.3    13.0     0.0     5.75 C    19.9    -0.2    11.5    89.5    18.6    48.1   0.275   0.366   0.395   0.458   0.433    13.7    14.0    14.4    15.2    16.1
53926 20211118  2.622  -97.09   36.12    13.1    -3.1     5.0     4.0     0.0    12.16 C    20.7    -5.3     2.8    82.2    15.1    51.5   0.267   0.360   0.392   0.458   0.434    11.2    12.3    13.4    15.1    16.2
53926 20211119  2.622  -97.09   36.12    14.9    -3.6     5.6     6.7     0.0     9.04 C    19.6    -5.4     5.4    86.7    20.3    45.0   0.261   0.355   0.390   0.456   0.432    10.2    11.3    12.5    14.7    16.0
53926 20211120  2.622  -97.09   36.12    18.9     6.0    12.5    10.8     0.0     8.57 C    23.0     4.0     9.9    82.8    35.4    50.9   0.258   0.354   0.388   0.450   0.429    11.1    11.8    12.5    14.3    15.8
53926 20211121  2.622  -97.09   36.12    16.9     0.5     8.7     9.3     0.0     7.23 C    21.4    -2.5     8.0    85.0    27.6    59.6   0.256   0.353   0.387   0.447   0.428    11.4    12.0    12.7    14.2    15.6
53926 20211122  2.622  -97.09   36.12    17.7    -2.8     7.5     6.1     0.0    10.83 C    23.1    -4.4     4.9    91.1    27.0    65.0   0.251   0.349   0.386   0.447   0.426    10.1    11.2    12.2    14.1    15.4
53926 20211123  2.622  -97.09   36.12    22.2    -0.3    10.9    11.3     0.0    10.99 C    26.0    -2.1    10.2    90.6    18.5    50.7   0.249   0.347   0.384   0.441   0.425    10.2    11.2    12.1    13.8    15.3
53926 20211124  2.622  -97.09   36.12    21.3     8.4    14.9    15.8     0.0     6.48 C    29.2     6.9    15.0    64.4    34.8    48.3   0.249   0.347   0.384   0.441   0.426    12.0    12.3    12.6    13.7    15.1
53926 20211125  2.622  -97.09   36.12    10.2    -3.0     3.6     4.2     0.0    10.37 C    17.6    -5.6     4.0    81.2    32.8    54.4   0.245   0.344   0.384   0.440   0.421    11.1    11.6    12.5    13.9    15.0
53926 20211126  2.622  -97.09   36.12    18.6    -4.5     7.0     7.3     0.0    10.78 C    23.8    -6.4     5.8    85.5    18.1    47.8   0.241   0.341   0.382   0.439   0.422     9.5    10.4    11.5    13.6    15.0
53926 20211127  2.622  -97.09   36.12    20.7     1.0    10.8     9.7     0.0    10.18 C    26.2    -2.0     7.4    71.7    20.0    44.8   0.239   0.340   0.380   0.437   0.421     9.9    10.8    11.6    13.4    14.8
53926 20211128  2.622  -97.09   36.12    15.4    -0.5     7.4     6.8     0.0    10.54 C    21.3    -3.2     4.9    81.7    30.4    58.3   0.237   0.338   0.380   0.437   0.420     9.5    10.6    11.5    13.3    14.7
53926 20211129  2.622  -97.09   36.12    23.4     0.5    12.0    10.6     0.0    10.45 C    27.0    -1.8     8.6    83.1    21.5    53.1   0.236   0.337   0.379   0.436   0.420     9.7    10.6    11.5    13.1    14.5
53926 20211130  2.622  -97.09   36.12    22.6     1.0    11.8    10.4     0.0    10.18 C    27.2    -1.0     8.7    87.7    29.6    63.3   0.234   0.336   0.378   0.436   0.420    10.0    10.9    11.6    13.0    14.3
53926 20211201  2.622  -97.09   36.12    21.5     2.3    11.9     9.5     0.0     9.22 C    27.4    -0.9     7.8    90.2    21.7    64.4   0.232   0.335   0.378   0.435   0.420    10.1    11.0    11.7    13.0    14.3
53926 20211202  2.622  -97.09   36.12    26.2     1.7    14.0    13.0     0.0    10.21 C    30.8    -0.4    10.2    86.1    21.0    54.7   0.231   0.334   0.376   0.435   0.420    10.2    11.1    11.7    12.9    14.2
53926 20211203  2.622  -97.09   36.12    23.3     2.6    12.9    12.4     0.0     8.32 C    29.2     0.4    10.4    88.2    30.9    63.1   0.230   0.334   0.377   0.436   0.418    10.7    11.4    11.9    12.9    14.2
53926 20211204  2.622  -97.09   36.12    14.3     8.8    11.6    11.5     0.0     2.00 C    18.3     5.6    11.4    88.8    52.7    66.7   0.228   0.333   0.376   0.437   0.417    11.3    11.8    12.1    13.1    14.1
53926 20211205  2.622  -97.09   36.12    25.4     8.1    16.7    15.1     0.0     9.92 C    28.5     4.9    13.7    92.5    21.6    57.8   0.228   0.333   0.377   0.436   0.417    12.0    12.3    12.4    13.2    14.1
53926 20211206  2.622  -97.09   36.12     9.2    -3.5     2.9     2.9     0.0    10.33 C    13.0    -6.0     2.4    70.7    27.2    41.6   0.225   0.330   0.376   0.435   0.417    10.5    11.2    12.0    13.3    14.2
53926 20211207  2.622  -97.09   36.12     8.5    -5.4     1.6     2.0     0.0     6.98 C    13.8    -6.8     1.5    81.5    31.0    55.6   0.220   0.327   0.374   0.433   0.417     8.7     9.7    10.8    12.9    14.1
53926 20211208  2.622  -97.09   36.12    15.5    -4.7     5.4     6.1     0.0     9.40 C    19.6    -6.6     5.4    86.8    32.3    63.5   0.219   0.325   0.372   0.431   0.416     8.5     9.6    10.5    12.5    14.0
53926 20211209  2.622  -97.09   36.12    22.2     5.8    14.0    13.6     0.0     9.35 C    26.6     2.3    11.1    76.8    18.1    48.8   0.219   0.327   0.373   0.431   0.417     9.9    10.6    11.0    12.3    13.8
53926 20211210  2.622  -97.09   36.12    25.5     3.2    14.4    15.6     0.0     3.43 C    28.7     1.9    12.9    61.8    21.0    41.4   0.217   0.326   0.373   0.431   0.416    10.6    11.1    11.3    12.4    13.7
53926 20211211  2.622  -97.09   36.12    10.2    -2.2     4.0     3.2     0.0    10.96 C    16.9    -6.6     2.4    67.1    25.1    50.2   0.213   0.324   0.372   0.431   0.417     9.4    10.1    11.0    12.5    13.7
53926 20211212  2.622  -97.09   36.12    14.7    -2.1     6.3     6.4     0.0    10.92 C    16.9    -6.8     4.2    62.1    19.1    39.6   0.209   0.321   0.370   0.430   0.415     8.2     9.3    10.3    12.2    13.6
53926 20211213  2.622  -97.09   36.12    21.1     4.3    12.7    11.5     0.0    10.64 C    23.0     0.8     9.8    58.8    20.5    41.1   0.208   0.322   0.370   0.429   0.414     9.2     9.8    10.4    12.0    13.4
53926 20211214  2.622  -97.09   36.12    24.3    10.6    17.5    17.1     0.0     9.10 C    25.7     7.3    15.7    88.7    31.3    64.6   0.208   0.322   0.371   0.428   0.414    10.7    11.0    11.0    12.0    13.3
53926 20211215  2.622  -97.09   36.12    25.7    12.0    18.8    20.7     5.6     4.73 C    26.9     8.5    19.4    87.5    47.5    67.6   0.210   0.330   0.372   0.430   0.415    12.9    12.7    12.1    12.3    13.3
53926 20211216  2.622  -97.09   36.12    12.9     2.7     7.8     7.8     0.0    10.91 C    16.0     0.2     6.1    86.4    31.5    50.8   0.214   0.346   0.373   0.431   0.417    11.8    12.2    12.4    12.8    13.5
53926 20211217  2.622  -97.09   36.12    14.5     4.5     9.5     9.0     0.0     2.65 C    18.1     3.3     9.0    74.3    50.6    61.6   0.212   0.340   0.371   0.431   0.415    11.1    11.4    11.8    12.8    13.6
53926 20211218  2.622  -97.09   36.12     6.6    -6.5     0.1     1.4     0.0    10.11 C    12.3    -9.1     1.2    76.6    44.2    62.4   0.210   0.337   0.371   0.429   0.416     9.8    10.4    11.3    12.7    13.6
53926 20211219  2.622  -97.09   36.12     6.9   -10.0    -1.6    -1.8     0.0    11.17 C    11.2   -11.9    -2.8    88.0    33.8    66.4   0.205   0.333   0.369   0.428   0.415     7.0     8.5    10.0    12.3    13.5
53926 20211220  2.622  -97.09   36.12    13.1    -3.0     5.1     3.5     0.0     9.95 C    17.0    -5.8     1.9    83.3    25.0    60.6   0.205   0.329   0.367   0.426   0.416     7.1     8.3     9.5    11.7    13.3
53926 20211221  2.622  -97.09   36.12    17.7    -5.0     6.3     4.4     0.0    10.92 C    23.6    -6.9     2.8    89.6    28.2    65.5   0.204   0.330   0.367   0.426   0.417     7.0     8.2     9.3    11.3    13.0
53926 20211222  2.622  -97.09   36.12    17.0    -3.5     6.7     6.4     0.0    10.40 C    19.8    -5.5     5.0    88.9    38.6    70.1   0.204   0.330   0.367   0.426   0.414     7.2     8.4     9.3    11.1    12.7
53926 20211223  2.622  -97.09   36.12    18.3     4.2    11.3    11.0     0.0     8.13 C    21.1    -0.2     9.1    92.2    42.4    68.7   0.207   0.330   0.367   0.424   0.414     8.6     9.2     9.7    11.0    12.5
53926 20211224  2.622  -97.09   36.12    27.9    14.8    21.4    21.3     0.0     7.46 C    31.7    11.4    19.1    66.6    17.9    35.5   0.209   0.331   0.369   0.425   0.415    10.4    10.5    10.5    11.2    12.4
53926 20211225  2.622  -97.09   36.12    23.3     5.5    14.4    14.5     0.0     9.12 C    27.9     1.4    11.5    70.8    24.8    44.7   0.208   0.332   0.369   0.426   0.414    11.0    11.3    11.2    11.5    12.5
53926 20211226  2.622  -97.09   36.12    25.3     5.7    15.5    15.9     0.0     6.00 C    27.5     3.0    14.5    79.1    40.3    62.5   0.208   0.331   0.369   0.426   0.413    11.1    11.3    11.2    11.8    12.6
53926 20211227  2.622  -97.09   36.12    19.4     2.1    10.7    12.0     0.0     7.85 C    20.5    -2.1     9.3    67.7    14.0    31.2   0.207   0.330   0.369   0.426   0.412    11.1    11.4    11.5    12.0    12.7
53926 20211228  2.622  -97.09   36.12    21.2     2.7    12.0    12.3     4.3    10.56 C    23.1    -1.7    10.1    85.3    13.9    44.7   0.207   0.342   0.369   0.426   0.412    11.0    11.2    11.4    12.1    12.9
53926 20211229  2.622  -97.09   36.12    10.7    -2.2     4.2     3.5     0.0     8.97 C    18.4    -4.4     3.2    84.3    38.2    62.2   0.204   0.339   0.369   0.426   0.413     9.5    10.2    10.9    12.1    12.9
53926 20211230  2.622  -97.09   36.12    14.7    -4.0     5.4     4.9     0.0     8.44 C    19.3    -5.7     3.9    97.2    38.1    70.1   0.204   0.338   0.366   0.425   0.414     8.4     9.3    10.2    11.8    12.9
53926 20211231  2.622  -97.09   36.12    19.2     9.0    14.1    14.3     0.0     3.22 C    20.4     4.7    12.3    83.7    27.4    48.6   0.206   0.339   0.367   0.425   0.413     9.7    10.0    10.4    11.6    12.7
